(kicad_pcb (version 20171130) (host pcbnew "(6.0.0-rc1-dev-909-gb389236a7)")

  (general
    (thickness 1.6)
    (drawings 12)
    (tracks 1641)
    (zones 0)
    (modules 162)
    (nets 104)
  )

  (page A4)
  (title_block
    (title NAME)
    (date "%d. %m. %Y")
    (rev REV)
    (company "Orbisys www.orbisys.sk")
    (comment 1 VERSION)
    (comment 2 "Short description\\nTwo lines are maximum")
    (comment 3 "nickname <email@example.com>")
  )

  (layers
    (0 F.Cu signal)
    (31 B.Cu signal)
    (32 B.Adhes user)
    (33 F.Adhes user)
    (34 B.Paste user)
    (35 F.Paste user)
    (36 B.SilkS user)
    (37 F.SilkS user)
    (38 B.Mask user)
    (39 F.Mask user)
    (40 Dwgs.User user)
    (41 Cmts.User user hide)
    (42 Eco1.User user hide)
    (43 Eco2.User user hide)
    (44 Edge.Cuts user)
    (45 Margin user)
    (46 B.CrtYd user hide)
    (47 F.CrtYd user hide)
    (48 B.Fab user hide)
    (49 F.Fab user hide)
  )

  (setup
    (last_trace_width 0.25)
    (trace_clearance 0.15)
    (zone_clearance 0.508)
    (zone_45_only no)
    (trace_min 0.2)
    (via_size 0.75)
    (via_drill 0.4)
    (via_min_size 0.4)
    (via_min_drill 0.3)
    (uvia_size 0.3)
    (uvia_drill 0.1)
    (uvias_allowed no)
    (uvia_min_size 0.2)
    (uvia_min_drill 0.1)
    (edge_width 0.2)
    (segment_width 0.2)
    (pcb_text_width 0.3)
    (pcb_text_size 1.5 1.5)
    (mod_edge_width 0.15)
    (mod_text_size 1 1)
    (mod_text_width 0.15)
    (pad_size 0.9 0.9)
    (pad_drill 0)
    (pad_to_mask_clearance 0.2)
    (solder_mask_min_width 0.25)
    (aux_axis_origin 0 0)
    (visible_elements 7FFFFF9F)
    (pcbplotparams
      (layerselection 0x00030_80000001)
      (usegerberextensions false)
      (usegerberattributes false)
      (usegerberadvancedattributes false)
      (creategerberjobfile false)
      (excludeedgelayer true)
      (linewidth 0.150000)
      (plotframeref false)
      (viasonmask false)
      (mode 1)
      (useauxorigin false)
      (hpglpennumber 1)
      (hpglpenspeed 20)
      (hpglpendiameter 15.000000)
      (psnegative false)
      (psa4output false)
      (plotreference true)
      (plotvalue true)
      (plotinvisibletext false)
      (padsonsilk false)
      (subtractmaskfromsilk false)
      (outputformat 1)
      (mirror false)
      (drillshape 1)
      (scaleselection 1)
      (outputdirectory ""))
  )

  (net 0 "")
  (net 1 GND)
  (net 2 VCC)
  (net 3 "Net-(C3-Pad1)")
  (net 4 +5V)
  (net 5 +3V3)
  (net 6 "Net-(C14-Pad2)")
  (net 7 "Net-(C8-Pad2)")
  (net 8 "Net-(C10-Pad2)")
  (net 9 "Net-(C10-Pad1)")
  (net 10 "Net-(C11-Pad1)")
  (net 11 "Net-(C12-Pad1)")
  (net 12 "Net-(C12-Pad2)")
  (net 13 "Net-(C13-Pad2)")
  (net 14 "Net-(C14-Pad1)")
  (net 15 "Net-(C15-Pad1)")
  (net 16 "Net-(C16-Pad1)")
  (net 17 "Net-(C17-Pad1)")
  (net 18 "Net-(C17-Pad2)")
  (net 19 "Net-(C18-Pad1)")
  (net 20 "Net-(C19-Pad2)")
  (net 21 "Net-(C19-Pad1)")
  (net 22 "Net-(C20-Pad2)")
  (net 23 "Net-(C23-Pad1)")
  (net 24 "Net-(C24-Pad2)")
  (net 25 "Net-(C24-Pad1)")
  (net 26 "Net-(C25-Pad2)")
  (net 27 "Net-(C25-Pad1)")
  (net 28 "Net-(C26-Pad1)")
  (net 29 "Net-(C26-Pad2)")
  (net 30 "Net-(C27-Pad2)")
  (net 31 "Net-(C27-Pad1)")
  (net 32 "Net-(C28-Pad1)")
  (net 33 "Net-(C28-Pad2)")
  (net 34 "Net-(C29-Pad1)")
  (net 35 "Net-(C29-Pad2)")
  (net 36 "Net-(C30-Pad1)")
  (net 37 "Net-(C31-Pad1)")
  (net 38 "Net-(C32-Pad1)")
  (net 39 "Net-(C33-Pad2)")
  (net 40 "Net-(C33-Pad1)")
  (net 41 "Net-(C34-Pad1)")
  (net 42 "Net-(C35-Pad1)")
  (net 43 "Net-(C36-Pad1)")
  (net 44 "Net-(C37-Pad1)")
  (net 45 "Net-(C38-Pad2)")
  (net 46 "Net-(C38-Pad1)")
  (net 47 "Net-(C39-Pad1)")
  (net 48 "Net-(C40-Pad1)")
  (net 49 "Net-(C41-Pad2)")
  (net 50 "Net-(C44-Pad1)")
  (net 51 "Net-(C45-Pad2)")
  (net 52 "Net-(C45-Pad1)")
  (net 53 "Net-(C47-Pad2)")
  (net 54 "Net-(C49-Pad1)")
  (net 55 "Net-(C53-Pad1)")
  (net 56 "Net-(C57-Pad1)")
  (net 57 "Net-(C58-Pad1)")
  (net 58 "Net-(C58-Pad2)")
  (net 59 "Net-(C59-Pad1)")
  (net 60 "Net-(C59-Pad2)")
  (net 61 "Net-(C60-Pad1)")
  (net 62 "Net-(C60-Pad2)")
  (net 63 "Net-(C61-Pad1)")
  (net 64 "Net-(C61-Pad2)")
  (net 65 "Net-(C62-Pad2)")
  (net 66 "Net-(C62-Pad1)")
  (net 67 "Net-(C63-Pad1)")
  (net 68 "Net-(C63-Pad2)")
  (net 69 "Net-(L1-Pad1)")
  (net 70 "Net-(L4-Pad2)")
  (net 71 "Net-(L4-Pad1)")
  (net 72 "Net-(L5-Pad2)")
  (net 73 "Net-(L5-Pad1)")
  (net 74 "Net-(L9-Pad1)")
  (net 75 "Net-(L10-Pad1)")
  (net 76 "Net-(L10-Pad2)")
  (net 77 "Net-(L11-Pad2)")
  (net 78 "Net-(L11-Pad1)")
  (net 79 "Net-(L12-Pad2)")
  (net 80 "Net-(L18-Pad2)")
  (net 81 "Net-(R11-Pad1)")
  (net 82 "Net-(R12-Pad2)")
  (net 83 "Net-(R13-Pad2)")
  (net 84 "Net-(R14-Pad1)")
  (net 85 "Net-(R17-Pad1)")
  (net 86 "Net-(R18-Pad2)")
  (net 87 "Net-(R19-Pad2)")
  (net 88 "Net-(R20-Pad1)")
  (net 89 "Net-(C34-Pad2)")
  (net 90 /CLK_MIX1_N)
  (net 91 /CLK_MIX1_P)
  (net 92 /CLK_MIX2_N)
  (net 93 /CLK_MIX2_P)
  (net 94 "Net-(J3-Pad3)")
  (net 95 "Net-(J3-Pad2)")
  (net 96 "Net-(D3-Pad1)")
  (net 97 "Net-(D3-Pad2)")
  (net 98 "Net-(D4-Pad2)")
  (net 99 "Net-(D4-Pad1)")
  (net 100 "Net-(D11-Pad1)")
  (net 101 "Net-(D11-Pad2)")
  (net 102 "Net-(D10-Pad2)")
  (net 103 "Net-(D10-Pad1)")

  (net_class Default "This is the default net class."
    (clearance 0.15)
    (trace_width 0.25)
    (via_dia 0.75)
    (via_drill 0.4)
    (uvia_dia 0.3)
    (uvia_drill 0.1)
    (add_net +3V3)
    (add_net +5V)
    (add_net /CLK_MIX1_N)
    (add_net /CLK_MIX1_P)
    (add_net /CLK_MIX2_N)
    (add_net /CLK_MIX2_P)
    (add_net GND)
    (add_net "Net-(C10-Pad1)")
    (add_net "Net-(C10-Pad2)")
    (add_net "Net-(C11-Pad1)")
    (add_net "Net-(C12-Pad1)")
    (add_net "Net-(C12-Pad2)")
    (add_net "Net-(C13-Pad2)")
    (add_net "Net-(C14-Pad1)")
    (add_net "Net-(C14-Pad2)")
    (add_net "Net-(C15-Pad1)")
    (add_net "Net-(C16-Pad1)")
    (add_net "Net-(C17-Pad1)")
    (add_net "Net-(C17-Pad2)")
    (add_net "Net-(C18-Pad1)")
    (add_net "Net-(C19-Pad1)")
    (add_net "Net-(C19-Pad2)")
    (add_net "Net-(C20-Pad2)")
    (add_net "Net-(C23-Pad1)")
    (add_net "Net-(C24-Pad1)")
    (add_net "Net-(C24-Pad2)")
    (add_net "Net-(C25-Pad1)")
    (add_net "Net-(C25-Pad2)")
    (add_net "Net-(C26-Pad1)")
    (add_net "Net-(C26-Pad2)")
    (add_net "Net-(C27-Pad1)")
    (add_net "Net-(C27-Pad2)")
    (add_net "Net-(C28-Pad1)")
    (add_net "Net-(C28-Pad2)")
    (add_net "Net-(C29-Pad1)")
    (add_net "Net-(C29-Pad2)")
    (add_net "Net-(C3-Pad1)")
    (add_net "Net-(C30-Pad1)")
    (add_net "Net-(C31-Pad1)")
    (add_net "Net-(C32-Pad1)")
    (add_net "Net-(C33-Pad1)")
    (add_net "Net-(C33-Pad2)")
    (add_net "Net-(C34-Pad1)")
    (add_net "Net-(C34-Pad2)")
    (add_net "Net-(C35-Pad1)")
    (add_net "Net-(C36-Pad1)")
    (add_net "Net-(C37-Pad1)")
    (add_net "Net-(C38-Pad1)")
    (add_net "Net-(C38-Pad2)")
    (add_net "Net-(C39-Pad1)")
    (add_net "Net-(C40-Pad1)")
    (add_net "Net-(C41-Pad2)")
    (add_net "Net-(C44-Pad1)")
    (add_net "Net-(C45-Pad1)")
    (add_net "Net-(C45-Pad2)")
    (add_net "Net-(C47-Pad2)")
    (add_net "Net-(C49-Pad1)")
    (add_net "Net-(C53-Pad1)")
    (add_net "Net-(C57-Pad1)")
    (add_net "Net-(C58-Pad1)")
    (add_net "Net-(C58-Pad2)")
    (add_net "Net-(C59-Pad1)")
    (add_net "Net-(C59-Pad2)")
    (add_net "Net-(C60-Pad1)")
    (add_net "Net-(C60-Pad2)")
    (add_net "Net-(C61-Pad1)")
    (add_net "Net-(C61-Pad2)")
    (add_net "Net-(C62-Pad1)")
    (add_net "Net-(C62-Pad2)")
    (add_net "Net-(C63-Pad1)")
    (add_net "Net-(C63-Pad2)")
    (add_net "Net-(C8-Pad2)")
    (add_net "Net-(D10-Pad1)")
    (add_net "Net-(D10-Pad2)")
    (add_net "Net-(D11-Pad1)")
    (add_net "Net-(D11-Pad2)")
    (add_net "Net-(D3-Pad1)")
    (add_net "Net-(D3-Pad2)")
    (add_net "Net-(D4-Pad1)")
    (add_net "Net-(D4-Pad2)")
    (add_net "Net-(J3-Pad2)")
    (add_net "Net-(J3-Pad3)")
    (add_net "Net-(L1-Pad1)")
    (add_net "Net-(L10-Pad1)")
    (add_net "Net-(L10-Pad2)")
    (add_net "Net-(L11-Pad1)")
    (add_net "Net-(L11-Pad2)")
    (add_net "Net-(L12-Pad2)")
    (add_net "Net-(L18-Pad2)")
    (add_net "Net-(L4-Pad1)")
    (add_net "Net-(L4-Pad2)")
    (add_net "Net-(L5-Pad1)")
    (add_net "Net-(L5-Pad2)")
    (add_net "Net-(L9-Pad1)")
    (add_net "Net-(R11-Pad1)")
    (add_net "Net-(R12-Pad2)")
    (add_net "Net-(R13-Pad2)")
    (add_net "Net-(R14-Pad1)")
    (add_net "Net-(R17-Pad1)")
    (add_net "Net-(R18-Pad2)")
    (add_net "Net-(R19-Pad2)")
    (add_net "Net-(R20-Pad1)")
    (add_net VCC)
  )

  (module Housings_DFN_QFN:QFN-16-1EP_3x3mm_Pitch0.5mm_ThermalVias (layer F.Cu) (tedit 5A7A1D7E) (tstamp 5A7B63DC)
    (at 119.250365 120.336276 45)
    (descr "16-Lead Plastic Quad Flat, No Lead Package (NG) - 3x3x0.9 mm Body [QFN]; (see Microchip Packaging Specification 00000049BS.pdf)")
    (tags "QFN 0.5")
    (path /5A50CAA9)
    (attr smd)
    (fp_text reference U8 (at 0 -2.85 45) (layer F.SilkS)
      (effects (font (size 1 1) (thickness 0.15)))
    )
    (fp_text value Si53322 (at 0 2.85 45) (layer F.Fab)
      (effects (font (size 1 1) (thickness 0.15)))
    )
    (fp_line (start 1.625 -1.625) (end 1.125001 -1.625) (layer F.SilkS) (width 0.15))
    (fp_line (start 1.625 1.625) (end 1.125001 1.625) (layer F.SilkS) (width 0.15))
    (fp_line (start -1.625 1.625) (end -1.125001 1.625) (layer F.SilkS) (width 0.15))
    (fp_line (start -1.625 -1.625) (end -1.125001 -1.625) (layer F.SilkS) (width 0.15))
    (fp_line (start 1.625 1.625) (end 1.625 1.125001) (layer F.SilkS) (width 0.15))
    (fp_line (start -1.625 1.625) (end -1.625 1.125001) (layer F.SilkS) (width 0.15))
    (fp_line (start 1.625 -1.625) (end 1.625 -1.125001) (layer F.SilkS) (width 0.15))
    (fp_line (start -2.1 2.1) (end 2.1 2.1) (layer F.CrtYd) (width 0.05))
    (fp_line (start -2.1 -2.1) (end 2.1 -2.1) (layer F.CrtYd) (width 0.05))
    (fp_line (start 2.1 -2.1) (end 2.1 2.1) (layer F.CrtYd) (width 0.05))
    (fp_line (start -2.1 -2.1) (end -2.1 2.1) (layer F.CrtYd) (width 0.05))
    (fp_line (start -1.5 -0.5) (end -0.5 -1.5) (layer F.Fab) (width 0.15))
    (fp_line (start -1.5 1.5) (end -1.5 -0.5) (layer F.Fab) (width 0.15))
    (fp_line (start 1.5 1.5) (end -1.5 1.5) (layer F.Fab) (width 0.15))
    (fp_line (start 1.5 -1.5) (end 1.5 1.5) (layer F.Fab) (width 0.15))
    (fp_line (start -0.5 -1.5) (end 1.5 -1.5) (layer F.Fab) (width 0.15))
    (fp_text user %R (at 0 0 45) (layer F.Fab)
      (effects (font (size 0.65 0.65) (thickness 0.125)))
    )
    (pad 17 thru_hole circle (at -0.5 0.5 45) (size 0.6 0.6) (drill 0.3) (layers *.Cu)
      (net 1 GND))
    (pad 17 thru_hole circle (at 0.5 0.5 45) (size 0.6 0.6) (drill 0.3) (layers *.Cu)
      (net 1 GND))
    (pad 17 thru_hole circle (at 0.5 -0.5 45) (size 0.6 0.6) (drill 0.3) (layers *.Cu)
      (net 1 GND))
    (pad 17 thru_hole circle (at -0.5 -0.5 45) (size 0.6 0.6) (drill 0.3) (layers *.Cu)
      (net 1 GND))
    (pad 17 thru_hole circle (at 0 0 45) (size 0.6 0.6) (drill 0.3) (layers *.Cu)
      (net 1 GND))
    (pad 17 smd rect (at -0.45 -0.45 45) (size 0.9 0.9) (layers F.Cu F.Paste F.Mask)
      (net 1 GND) (solder_paste_margin_ratio -0.2))
    (pad 17 smd rect (at -0.45 0.45 45) (size 0.9 0.9) (layers F.Cu F.Paste F.Mask)
      (net 1 GND) (solder_paste_margin_ratio -0.2))
    (pad 17 smd rect (at 0.45 -0.45 45) (size 0.9 0.9) (layers F.Cu F.Paste F.Mask)
      (net 1 GND) (solder_paste_margin_ratio -0.2))
    (pad 17 smd rect (at 0.45 0.45 45) (size 0.9 0.9) (layers F.Cu F.Paste F.Mask)
      (net 1 GND) (solder_paste_margin_ratio -0.2))
    (pad 16 smd oval (at -0.750001 -1.475 135) (size 0.75 0.3) (layers F.Cu F.Paste F.Mask))
    (pad 15 smd oval (at -0.25 -1.475 135) (size 0.75 0.3) (layers F.Cu F.Paste F.Mask))
    (pad 14 smd oval (at 0.25 -1.475 135) (size 0.75 0.3) (layers F.Cu F.Paste F.Mask))
    (pad 13 smd oval (at 0.750001 -1.475 135) (size 0.75 0.3) (layers F.Cu F.Paste F.Mask))
    (pad 12 smd oval (at 1.475 -0.750001 45) (size 0.75 0.3) (layers F.Cu F.Paste F.Mask)
      (net 67 "Net-(C63-Pad1)"))
    (pad 11 smd oval (at 1.475 -0.25 45) (size 0.75 0.3) (layers F.Cu F.Paste F.Mask)
      (net 63 "Net-(C61-Pad1)"))
    (pad 10 smd oval (at 1.475 0.25 45) (size 0.75 0.3) (layers F.Cu F.Paste F.Mask)
      (net 59 "Net-(C59-Pad1)"))
    (pad 9 smd oval (at 1.475 0.750001 45) (size 0.75 0.3) (layers F.Cu F.Paste F.Mask)
      (net 57 "Net-(C58-Pad1)"))
    (pad 8 smd oval (at 0.750001 1.475 135) (size 0.75 0.3) (layers F.Cu F.Paste F.Mask))
    (pad 7 smd oval (at 0.25 1.475 135) (size 0.75 0.3) (layers F.Cu F.Paste F.Mask)
      (net 65 "Net-(C62-Pad2)"))
    (pad 6 smd oval (at -0.25 1.475 135) (size 0.75 0.3) (layers F.Cu F.Paste F.Mask)
      (net 62 "Net-(C60-Pad2)"))
    (pad 5 smd oval (at -0.750001 1.475 135) (size 0.75 0.3) (layers F.Cu F.Paste F.Mask)
      (net 5 +3V3))
    (pad 4 smd oval (at -1.475 0.750001 45) (size 0.75 0.3) (layers F.Cu F.Paste F.Mask))
    (pad 3 smd oval (at -1.475 0.25 45) (size 0.75 0.3) (layers F.Cu F.Paste F.Mask))
    (pad 2 smd oval (at -1.475 -0.25 45) (size 0.75 0.3) (layers F.Cu F.Paste F.Mask))
    (pad 1 smd oval (at -1.475 -0.750001 45) (size 0.75 0.3) (layers F.Cu F.Paste F.Mask)
      (net 1 GND))
    (model Housings_DFN_QFN.3dshapes/QFN-16-1EP_3x3mm_Pitch0.5mm.wrl
      (at (xyz 0 0 0))
      (scale (xyz 1 1 1))
      (rotate (xyz 0 0 0))
    )
  )

  (module Connectors:SATA-7_THT_VERT_2 (layer B.Cu) (tedit 0) (tstamp 5A7B6387)
    (at 125.615532 134.760788 225)
    (path /5A5B08B4)
    (fp_text reference J3 (at -3.21 5.4 225) (layer B.SilkS)
      (effects (font (size 1 1) (thickness 0.15)) (justify mirror))
    )
    (fp_text value SATA7-67491-1030 (at -3.31 3.2 225) (layer B.Fab)
      (effects (font (size 1 1) (thickness 0.15)) (justify mirror))
    )
    (fp_line (start 4.740001 -1.25) (end -12.36 -1.25) (layer B.CrtYd) (width 0.05))
    (fp_line (start 4.740001 -1.25) (end 4.74 4.25) (layer B.CrtYd) (width 0.05))
    (fp_line (start -12.36 4.25) (end -12.36 -1.25) (layer B.CrtYd) (width 0.05))
    (fp_line (start -12.36 4.25) (end 4.74 4.25) (layer B.CrtYd) (width 0.05))
    (fp_line (start -12.11 -1) (end -12.11 4) (layer B.SilkS) (width 0.12))
    (fp_line (start 4.49 -1) (end -12.11 -1) (layer B.SilkS) (width 0.12))
    (fp_line (start 4.49 4.000001) (end 4.49 -1) (layer B.SilkS) (width 0.12))
    (fp_line (start -12.11 4) (end 4.49 4.000001) (layer B.SilkS) (width 0.12))
    (pad 1 thru_hole oval (at 0 0 225) (size 1.1 1.3) (drill 0.74) (layers *.Cu *.Mask)
      (net 1 GND))
    (pad 4 thru_hole oval (at -3.81 0 225) (size 1.1 1.3) (drill 0.74) (layers *.Cu *.Mask)
      (net 1 GND))
    (pad 7 thru_hole oval (at -7.62 0 225) (size 1.1 1.3) (drill 0.74) (layers *.Cu *.Mask)
      (net 1 GND))
    (pad 6 thru_hole oval (at -6.35 1.5 225) (size 1.1 1.3) (drill 0.74) (layers *.Cu *.Mask)
      (net 66 "Net-(C62-Pad1)"))
    (pad 5 thru_hole oval (at -5.08 1.5 225) (size 1.1 1.3) (drill 0.74) (layers *.Cu *.Mask)
      (net 61 "Net-(C60-Pad1)"))
    (pad 3 thru_hole oval (at -2.54 1.5 225) (size 1.1 1.3) (drill 0.74) (layers *.Cu *.Mask)
      (net 94 "Net-(J3-Pad3)"))
    (pad 8 thru_hole circle (at -10.37 2.5 225) (size 2.5 2.5) (drill 1.35) (layers *.Cu *.Mask))
    (pad 2 thru_hole oval (at -1.27 1.5 225) (size 1.1 1.3) (drill 0.74) (layers *.Cu *.Mask)
      (net 95 "Net-(J3-Pad2)"))
    (pad 9 thru_hole circle (at 2.46 1.5 225) (size 2.5 2.5) (drill 1.35) (layers *.Cu *.Mask))
    (model C:/Users/MaxAli/Documents/GitHub/DENGS/HW/modules/KiCAD_libs/kicad-libraries-master/3d/Connectors/SATA7_674911030.stp
      (offset (xyz -3.8 1.5 4))
      (scale (xyz 1 1 1))
      (rotate (xyz 0 0 0))
    )
  )

  (module Capacitors_SMD:C_0805 (layer F.Cu) (tedit 58AA8463) (tstamp 5A7B6353)
    (at 138.26212 138.92712 270)
    (descr "Capacitor SMD 0805, reflow soldering, AVX (see smccp.pdf)")
    (tags "capacitor 0805")
    (path /5A4E8EC9)
    (attr smd)
    (fp_text reference C8 (at -0.03972 1.82572 270) (layer F.SilkS)
      (effects (font (size 1 1) (thickness 0.15)))
    )
    (fp_text value 10pF (at 0 1.75 270) (layer F.Fab)
      (effects (font (size 1 1) (thickness 0.15)))
    )
    (fp_text user %R (at 0 -1.5 270) (layer F.Fab)
      (effects (font (size 1 1) (thickness 0.15)))
    )
    (fp_line (start -1 0.62) (end -1 -0.62) (layer F.Fab) (width 0.1))
    (fp_line (start 1 0.62) (end -1 0.62) (layer F.Fab) (width 0.1))
    (fp_line (start 1 -0.62) (end 1 0.62) (layer F.Fab) (width 0.1))
    (fp_line (start -1 -0.62) (end 1 -0.62) (layer F.Fab) (width 0.1))
    (fp_line (start 0.5 -0.85) (end -0.5 -0.85) (layer F.SilkS) (width 0.12))
    (fp_line (start -0.5 0.85) (end 0.5 0.85) (layer F.SilkS) (width 0.12))
    (fp_line (start -1.75 -0.88) (end 1.75 -0.88) (layer F.CrtYd) (width 0.05))
    (fp_line (start -1.75 -0.88) (end -1.75 0.87) (layer F.CrtYd) (width 0.05))
    (fp_line (start 1.75 0.87) (end 1.75 -0.88) (layer F.CrtYd) (width 0.05))
    (fp_line (start 1.75 0.87) (end -1.75 0.87) (layer F.CrtYd) (width 0.05))
    (pad 1 smd rect (at -1 0 270) (size 1 1.25) (layers F.Cu F.Paste F.Mask)
      (net 6 "Net-(C14-Pad2)"))
    (pad 2 smd rect (at 1 0 270) (size 1 1.25) (layers F.Cu F.Paste F.Mask)
      (net 7 "Net-(C8-Pad2)"))
    (model Capacitors_SMD.3dshapes/C_0805.wrl
      (at (xyz 0 0 0))
      (scale (xyz 1 1 1))
      (rotate (xyz 0 0 0))
    )
  )

  (module Capacitors_SMD:C_0805 (layer F.Cu) (tedit 58AA8463) (tstamp 5A7B6323)
    (at 142.966503 130.849802 225)
    (descr "Capacitor SMD 0805, reflow soldering, AVX (see smccp.pdf)")
    (tags "capacitor 0805")
    (path /5A4B876F)
    (attr smd)
    (fp_text reference C9 (at 0 2.032 225) (layer F.SilkS)
      (effects (font (size 1 1) (thickness 0.15)))
    )
    (fp_text value 4.7pF (at 0 1.75 225) (layer F.Fab)
      (effects (font (size 1 1) (thickness 0.15)))
    )
    (fp_line (start 1.75 0.87) (end -1.75 0.87) (layer F.CrtYd) (width 0.05))
    (fp_line (start 1.75 0.87) (end 1.75 -0.88) (layer F.CrtYd) (width 0.05))
    (fp_line (start -1.75 -0.88) (end -1.75 0.87) (layer F.CrtYd) (width 0.05))
    (fp_line (start -1.75 -0.88) (end 1.75 -0.88) (layer F.CrtYd) (width 0.05))
    (fp_line (start -0.5 0.85) (end 0.5 0.85) (layer F.SilkS) (width 0.12))
    (fp_line (start 0.5 -0.85) (end -0.5 -0.85) (layer F.SilkS) (width 0.12))
    (fp_line (start -1 -0.62) (end 1 -0.62) (layer F.Fab) (width 0.1))
    (fp_line (start 1 -0.62) (end 1 0.62) (layer F.Fab) (width 0.1))
    (fp_line (start 1 0.62) (end -1 0.62) (layer F.Fab) (width 0.1))
    (fp_line (start -1 0.62) (end -1 -0.62) (layer F.Fab) (width 0.1))
    (fp_text user %R (at 0 -1.5 225) (layer F.Fab)
      (effects (font (size 1 1) (thickness 0.15)))
    )
    (pad 2 smd rect (at 1 0 225) (size 1 1.25) (layers F.Cu F.Paste F.Mask)
      (net 6 "Net-(C14-Pad2)"))
    (pad 1 smd rect (at -1 0 225) (size 1 1.25) (layers F.Cu F.Paste F.Mask)
      (net 8 "Net-(C10-Pad2)"))
    (model Capacitors_SMD.3dshapes/C_0805.wrl
      (at (xyz 0 0 0))
      (scale (xyz 1 1 1))
      (rotate (xyz 0 0 0))
    )
  )

  (module Capacitors_SMD:C_0805 (layer F.Cu) (tedit 58AA8463) (tstamp 5A7B5F90)
    (at 152.226554 127.991604 180)
    (descr "Capacitor SMD 0805, reflow soldering, AVX (see smccp.pdf)")
    (tags "capacitor 0805")
    (path /5A4B93A2)
    (attr smd)
    (fp_text reference C10 (at 0 2.032 180) (layer F.SilkS)
      (effects (font (size 1 1) (thickness 0.15)))
    )
    (fp_text value 4.7pF (at 0 1.75 180) (layer F.Fab)
      (effects (font (size 1 1) (thickness 0.15)))
    )
    (fp_text user %R (at 0 -1.5 180) (layer F.Fab)
      (effects (font (size 1 1) (thickness 0.15)))
    )
    (fp_line (start -1 0.62) (end -1 -0.62) (layer F.Fab) (width 0.1))
    (fp_line (start 1 0.62) (end -1 0.62) (layer F.Fab) (width 0.1))
    (fp_line (start 1 -0.62) (end 1 0.62) (layer F.Fab) (width 0.1))
    (fp_line (start -1 -0.62) (end 1 -0.62) (layer F.Fab) (width 0.1))
    (fp_line (start 0.5 -0.85) (end -0.5 -0.85) (layer F.SilkS) (width 0.12))
    (fp_line (start -0.5 0.85) (end 0.5 0.85) (layer F.SilkS) (width 0.12))
    (fp_line (start -1.75 -0.88) (end 1.75 -0.88) (layer F.CrtYd) (width 0.05))
    (fp_line (start -1.75 -0.88) (end -1.75 0.87) (layer F.CrtYd) (width 0.05))
    (fp_line (start 1.75 0.87) (end 1.75 -0.88) (layer F.CrtYd) (width 0.05))
    (fp_line (start 1.75 0.87) (end -1.75 0.87) (layer F.CrtYd) (width 0.05))
    (pad 1 smd rect (at -1 0 180) (size 1 1.25) (layers F.Cu F.Paste F.Mask)
      (net 9 "Net-(C10-Pad1)"))
    (pad 2 smd rect (at 1 0 180) (size 1 1.25) (layers F.Cu F.Paste F.Mask)
      (net 8 "Net-(C10-Pad2)"))
    (model Capacitors_SMD.3dshapes/C_0805.wrl
      (at (xyz 0 0 0))
      (scale (xyz 1 1 1))
      (rotate (xyz 0 0 0))
    )
  )

  (module Capacitors_SMD:C_0805 (layer F.Cu) (tedit 58AA8463) (tstamp 5A7B5F60)
    (at 157.97913 122.580005 270)
    (descr "Capacitor SMD 0805, reflow soldering, AVX (see smccp.pdf)")
    (tags "capacitor 0805")
    (path /5A4B970B)
    (attr smd)
    (fp_text reference C11 (at 0 1.778 270) (layer F.SilkS)
      (effects (font (size 1 1) (thickness 0.15)))
    )
    (fp_text value 10pF (at 0 1.75 270) (layer F.Fab)
      (effects (font (size 1 1) (thickness 0.15)))
    )
    (fp_line (start 1.75 0.87) (end -1.75 0.87) (layer F.CrtYd) (width 0.05))
    (fp_line (start 1.75 0.87) (end 1.75 -0.88) (layer F.CrtYd) (width 0.05))
    (fp_line (start -1.75 -0.88) (end -1.75 0.87) (layer F.CrtYd) (width 0.05))
    (fp_line (start -1.75 -0.88) (end 1.75 -0.88) (layer F.CrtYd) (width 0.05))
    (fp_line (start -0.5 0.85) (end 0.5 0.85) (layer F.SilkS) (width 0.12))
    (fp_line (start 0.5 -0.85) (end -0.5 -0.85) (layer F.SilkS) (width 0.12))
    (fp_line (start -1 -0.62) (end 1 -0.62) (layer F.Fab) (width 0.1))
    (fp_line (start 1 -0.62) (end 1 0.62) (layer F.Fab) (width 0.1))
    (fp_line (start 1 0.62) (end -1 0.62) (layer F.Fab) (width 0.1))
    (fp_line (start -1 0.62) (end -1 -0.62) (layer F.Fab) (width 0.1))
    (fp_text user %R (at 0 -1.5 270) (layer F.Fab)
      (effects (font (size 1 1) (thickness 0.15)))
    )
    (pad 2 smd rect (at 1 0 270) (size 1 1.25) (layers F.Cu F.Paste F.Mask)
      (net 9 "Net-(C10-Pad1)"))
    (pad 1 smd rect (at -1 0 270) (size 1 1.25) (layers F.Cu F.Paste F.Mask)
      (net 10 "Net-(C11-Pad1)"))
    (model Capacitors_SMD.3dshapes/C_0805.wrl
      (at (xyz 0 0 0))
      (scale (xyz 1 1 1))
      (rotate (xyz 0 0 0))
    )
  )

  (module Capacitors_SMD:C_0805 (layer F.Cu) (tedit 58AA8463) (tstamp 5A7B5F30)
    (at 148.504802 114.083511 135)
    (descr "Capacitor SMD 0805, reflow soldering, AVX (see smccp.pdf)")
    (tags "capacitor 0805")
    (path /5AD55431)
    (attr smd)
    (fp_text reference C12 (at 2.54 -1.651 225) (layer F.SilkS)
      (effects (font (size 1 1) (thickness 0.15)))
    )
    (fp_text value 27pF (at 0 1.75 135) (layer F.Fab)
      (effects (font (size 1 1) (thickness 0.15)))
    )
    (fp_line (start 1.75 0.87) (end -1.75 0.87) (layer F.CrtYd) (width 0.05))
    (fp_line (start 1.75 0.87) (end 1.75 -0.88) (layer F.CrtYd) (width 0.05))
    (fp_line (start -1.75 -0.88) (end -1.75 0.87) (layer F.CrtYd) (width 0.05))
    (fp_line (start -1.75 -0.88) (end 1.75 -0.88) (layer F.CrtYd) (width 0.05))
    (fp_line (start -0.5 0.85) (end 0.5 0.85) (layer F.SilkS) (width 0.12))
    (fp_line (start 0.5 -0.85) (end -0.5 -0.85) (layer F.SilkS) (width 0.12))
    (fp_line (start -1 -0.62) (end 1 -0.62) (layer F.Fab) (width 0.1))
    (fp_line (start 1 -0.62) (end 1 0.62) (layer F.Fab) (width 0.1))
    (fp_line (start 1 0.62) (end -1 0.62) (layer F.Fab) (width 0.1))
    (fp_line (start -1 0.62) (end -1 -0.62) (layer F.Fab) (width 0.1))
    (fp_text user %R (at 0 -1.5 135) (layer F.Fab)
      (effects (font (size 1 1) (thickness 0.15)))
    )
    (pad 2 smd rect (at 1 0 135) (size 1 1.25) (layers F.Cu F.Paste F.Mask)
      (net 12 "Net-(C12-Pad2)"))
    (pad 1 smd rect (at -1 0 135) (size 1 1.25) (layers F.Cu F.Paste F.Mask)
      (net 11 "Net-(C12-Pad1)"))
    (model Capacitors_SMD.3dshapes/C_0805.wrl
      (at (xyz 0 0 0))
      (scale (xyz 1 1 1))
      (rotate (xyz 0 0 0))
    )
  )

  (module Capacitors_SMD:C_0805 (layer F.Cu) (tedit 58AA8463) (tstamp 5A7B5F00)
    (at 141.31012 133.84712 135)
    (descr "Capacitor SMD 0805, reflow soldering, AVX (see smccp.pdf)")
    (tags "capacitor 0805")
    (path /5A4D67AE)
    (attr smd)
    (fp_text reference C14 (at 3.592102 -2.155261 135) (layer F.SilkS)
      (effects (font (size 1 1) (thickness 0.15)))
    )
    (fp_text value 10pF (at 0 1.75 135) (layer F.Fab)
      (effects (font (size 1 1) (thickness 0.15)))
    )
    (fp_line (start 1.75 0.87) (end -1.75 0.87) (layer F.CrtYd) (width 0.05))
    (fp_line (start 1.75 0.87) (end 1.75 -0.88) (layer F.CrtYd) (width 0.05))
    (fp_line (start -1.75 -0.88) (end -1.75 0.87) (layer F.CrtYd) (width 0.05))
    (fp_line (start -1.75 -0.88) (end 1.75 -0.88) (layer F.CrtYd) (width 0.05))
    (fp_line (start -0.5 0.85) (end 0.5 0.85) (layer F.SilkS) (width 0.12))
    (fp_line (start 0.5 -0.85) (end -0.5 -0.85) (layer F.SilkS) (width 0.12))
    (fp_line (start -1 -0.62) (end 1 -0.62) (layer F.Fab) (width 0.1))
    (fp_line (start 1 -0.62) (end 1 0.62) (layer F.Fab) (width 0.1))
    (fp_line (start 1 0.62) (end -1 0.62) (layer F.Fab) (width 0.1))
    (fp_line (start -1 0.62) (end -1 -0.62) (layer F.Fab) (width 0.1))
    (fp_text user %R (at 0 -1.5 135) (layer F.Fab)
      (effects (font (size 1 1) (thickness 0.15)))
    )
    (pad 2 smd rect (at 1 0 135) (size 1 1.25) (layers F.Cu F.Paste F.Mask)
      (net 6 "Net-(C14-Pad2)"))
    (pad 1 smd rect (at -1 0 135) (size 1 1.25) (layers F.Cu F.Paste F.Mask)
      (net 14 "Net-(C14-Pad1)"))
    (model Capacitors_SMD.3dshapes/C_0805.wrl
      (at (xyz 0 0 0))
      (scale (xyz 1 1 1))
      (rotate (xyz 0 0 0))
    )
  )

  (module Capacitors_SMD:C_0805 (layer F.Cu) (tedit 58AA8463) (tstamp 5A7B5D6E)
    (at 149.092931 129.092395 90)
    (descr "Capacitor SMD 0805, reflow soldering, AVX (see smccp.pdf)")
    (tags "capacitor 0805")
    (path /5A4B9331)
    (attr smd)
    (fp_text reference C15 (at 3.592102 0 90) (layer F.SilkS)
      (effects (font (size 1 1) (thickness 0.15)))
    )
    (fp_text value 8.2pF (at 0 1.75 90) (layer F.Fab)
      (effects (font (size 1 1) (thickness 0.15)))
    )
    (fp_line (start 1.75 0.87) (end -1.75 0.87) (layer F.CrtYd) (width 0.05))
    (fp_line (start 1.75 0.87) (end 1.75 -0.88) (layer F.CrtYd) (width 0.05))
    (fp_line (start -1.75 -0.88) (end -1.75 0.87) (layer F.CrtYd) (width 0.05))
    (fp_line (start -1.75 -0.88) (end 1.75 -0.88) (layer F.CrtYd) (width 0.05))
    (fp_line (start -0.5 0.85) (end 0.5 0.85) (layer F.SilkS) (width 0.12))
    (fp_line (start 0.5 -0.85) (end -0.5 -0.85) (layer F.SilkS) (width 0.12))
    (fp_line (start -1 -0.62) (end 1 -0.62) (layer F.Fab) (width 0.1))
    (fp_line (start 1 -0.62) (end 1 0.62) (layer F.Fab) (width 0.1))
    (fp_line (start 1 0.62) (end -1 0.62) (layer F.Fab) (width 0.1))
    (fp_line (start -1 0.62) (end -1 -0.62) (layer F.Fab) (width 0.1))
    (fp_text user %R (at 0 -1.5 90) (layer F.Fab)
      (effects (font (size 1 1) (thickness 0.15)))
    )
    (pad 2 smd rect (at 1 0 90) (size 1 1.25) (layers F.Cu F.Paste F.Mask)
      (net 8 "Net-(C10-Pad2)"))
    (pad 1 smd rect (at -1 0 90) (size 1 1.25) (layers F.Cu F.Paste F.Mask)
      (net 15 "Net-(C15-Pad1)"))
    (model Capacitors_SMD.3dshapes/C_0805.wrl
      (at (xyz 0 0 0))
      (scale (xyz 1 1 1))
      (rotate (xyz 0 0 0))
    )
  )

  (module Capacitors_SMD:C_0805 (layer F.Cu) (tedit 58AA8463) (tstamp 5A7B5D3E)
    (at 157.544604 126.475445 135)
    (descr "Capacitor SMD 0805, reflow soldering, AVX (see smccp.pdf)")
    (tags "capacitor 0805")
    (path /5A4B9658)
    (attr smd)
    (fp_text reference C16 (at 3.592102 -2.155261 135) (layer F.SilkS)
      (effects (font (size 1 1) (thickness 0.15)))
    )
    (fp_text value 10pF (at 0 1.75 135) (layer F.Fab)
      (effects (font (size 1 1) (thickness 0.15)))
    )
    (fp_text user %R (at 0 -1.5 135) (layer F.Fab)
      (effects (font (size 1 1) (thickness 0.15)))
    )
    (fp_line (start -1 0.62) (end -1 -0.62) (layer F.Fab) (width 0.1))
    (fp_line (start 1 0.62) (end -1 0.62) (layer F.Fab) (width 0.1))
    (fp_line (start 1 -0.62) (end 1 0.62) (layer F.Fab) (width 0.1))
    (fp_line (start -1 -0.62) (end 1 -0.62) (layer F.Fab) (width 0.1))
    (fp_line (start 0.5 -0.85) (end -0.5 -0.85) (layer F.SilkS) (width 0.12))
    (fp_line (start -0.5 0.85) (end 0.5 0.85) (layer F.SilkS) (width 0.12))
    (fp_line (start -1.75 -0.88) (end 1.75 -0.88) (layer F.CrtYd) (width 0.05))
    (fp_line (start -1.75 -0.88) (end -1.75 0.87) (layer F.CrtYd) (width 0.05))
    (fp_line (start 1.75 0.87) (end 1.75 -0.88) (layer F.CrtYd) (width 0.05))
    (fp_line (start 1.75 0.87) (end -1.75 0.87) (layer F.CrtYd) (width 0.05))
    (pad 1 smd rect (at -1 0 135) (size 1 1.25) (layers F.Cu F.Paste F.Mask)
      (net 16 "Net-(C16-Pad1)"))
    (pad 2 smd rect (at 1 0 135) (size 1 1.25) (layers F.Cu F.Paste F.Mask)
      (net 9 "Net-(C10-Pad1)"))
    (model Capacitors_SMD.3dshapes/C_0805.wrl
      (at (xyz 0 0 0))
      (scale (xyz 1 1 1))
      (rotate (xyz 0 0 0))
    )
  )

  (module Capacitors_SMD:C_0805 (layer F.Cu) (tedit 58AA8463) (tstamp 5A7B5D0E)
    (at 143.47586 106.180886 225)
    (descr "Capacitor SMD 0805, reflow soldering, AVX (see smccp.pdf)")
    (tags "capacitor 0805")
    (path /5A5FF98E)
    (attr smd)
    (fp_text reference C17 (at 2.54 -0.127 315) (layer F.SilkS)
      (effects (font (size 1 1) (thickness 0.15)))
    )
    (fp_text value 8p2 (at 0 1.75 225) (layer F.Fab)
      (effects (font (size 1 1) (thickness 0.15)))
    )
    (fp_line (start 1.75 0.87) (end -1.75 0.87) (layer F.CrtYd) (width 0.05))
    (fp_line (start 1.75 0.87) (end 1.75 -0.88) (layer F.CrtYd) (width 0.05))
    (fp_line (start -1.75 -0.88) (end -1.75 0.87) (layer F.CrtYd) (width 0.05))
    (fp_line (start -1.75 -0.88) (end 1.75 -0.88) (layer F.CrtYd) (width 0.05))
    (fp_line (start -0.5 0.85) (end 0.5 0.85) (layer F.SilkS) (width 0.12))
    (fp_line (start 0.5 -0.85) (end -0.5 -0.85) (layer F.SilkS) (width 0.12))
    (fp_line (start -1 -0.62) (end 1 -0.62) (layer F.Fab) (width 0.1))
    (fp_line (start 1 -0.62) (end 1 0.62) (layer F.Fab) (width 0.1))
    (fp_line (start 1 0.62) (end -1 0.62) (layer F.Fab) (width 0.1))
    (fp_line (start -1 0.62) (end -1 -0.62) (layer F.Fab) (width 0.1))
    (fp_text user %R (at 0 -1.5 225) (layer F.Fab)
      (effects (font (size 1 1) (thickness 0.15)))
    )
    (pad 2 smd rect (at 1 0 225) (size 1 1.25) (layers F.Cu F.Paste F.Mask)
      (net 18 "Net-(C17-Pad2)"))
    (pad 1 smd rect (at -1 0 225) (size 1 1.25) (layers F.Cu F.Paste F.Mask)
      (net 17 "Net-(C17-Pad1)"))
    (model Capacitors_SMD.3dshapes/C_0805.wrl
      (at (xyz 0 0 0))
      (scale (xyz 1 1 1))
      (rotate (xyz 0 0 0))
    )
  )

  (module Capacitors_SMD:C_0805 (layer F.Cu) (tedit 58AA8463) (tstamp 5A7B5CDE)
    (at 130.185081 94.326949 315)
    (descr "Capacitor SMD 0805, reflow soldering, AVX (see smccp.pdf)")
    (tags "capacitor 0805")
    (path /5A6952FF)
    (attr smd)
    (fp_text reference C19 (at 3.048 0 135) (layer F.SilkS)
      (effects (font (size 1 1) (thickness 0.15)))
    )
    (fp_text value 100nF (at 0 1.75 315) (layer F.Fab)
      (effects (font (size 1 1) (thickness 0.15)))
    )
    (fp_text user %R (at 0 -1.5 315) (layer F.Fab)
      (effects (font (size 1 1) (thickness 0.15)))
    )
    (fp_line (start -1 0.62) (end -1 -0.62) (layer F.Fab) (width 0.1))
    (fp_line (start 1 0.62) (end -1 0.62) (layer F.Fab) (width 0.1))
    (fp_line (start 1 -0.62) (end 1 0.62) (layer F.Fab) (width 0.1))
    (fp_line (start -1 -0.62) (end 1 -0.62) (layer F.Fab) (width 0.1))
    (fp_line (start 0.5 -0.85) (end -0.5 -0.85) (layer F.SilkS) (width 0.12))
    (fp_line (start -0.5 0.85) (end 0.5 0.85) (layer F.SilkS) (width 0.12))
    (fp_line (start -1.75 -0.88) (end 1.75 -0.88) (layer F.CrtYd) (width 0.05))
    (fp_line (start -1.75 -0.88) (end -1.75 0.87) (layer F.CrtYd) (width 0.05))
    (fp_line (start 1.75 0.87) (end 1.75 -0.88) (layer F.CrtYd) (width 0.05))
    (fp_line (start 1.75 0.87) (end -1.75 0.87) (layer F.CrtYd) (width 0.05))
    (pad 1 smd rect (at -1 0 315) (size 1 1.25) (layers F.Cu F.Paste F.Mask)
      (net 21 "Net-(C19-Pad1)"))
    (pad 2 smd rect (at 1 0 315) (size 1 1.25) (layers F.Cu F.Paste F.Mask)
      (net 20 "Net-(C19-Pad2)"))
    (model Capacitors_SMD.3dshapes/C_0805.wrl
      (at (xyz 0 0 0))
      (scale (xyz 1 1 1))
      (rotate (xyz 0 0 0))
    )
  )

  (module Capacitors_SMD:C_0805 (layer F.Cu) (tedit 58AA8463) (tstamp 5A7B5CAE)
    (at 140.29412 138.92712 270)
    (descr "Capacitor SMD 0805, reflow soldering, AVX (see smccp.pdf)")
    (tags "capacitor 0805")
    (path /5A4E8F31)
    (attr smd)
    (fp_text reference C20 (at -0.03972 -1.92078 270) (layer F.SilkS)
      (effects (font (size 1 1) (thickness 0.15)))
    )
    (fp_text value 10pF (at 0 1.75 270) (layer F.Fab)
      (effects (font (size 1 1) (thickness 0.15)))
    )
    (fp_line (start 1.75 0.87) (end -1.75 0.87) (layer F.CrtYd) (width 0.05))
    (fp_line (start 1.75 0.87) (end 1.75 -0.88) (layer F.CrtYd) (width 0.05))
    (fp_line (start -1.75 -0.88) (end -1.75 0.87) (layer F.CrtYd) (width 0.05))
    (fp_line (start -1.75 -0.88) (end 1.75 -0.88) (layer F.CrtYd) (width 0.05))
    (fp_line (start -0.5 0.85) (end 0.5 0.85) (layer F.SilkS) (width 0.12))
    (fp_line (start 0.5 -0.85) (end -0.5 -0.85) (layer F.SilkS) (width 0.12))
    (fp_line (start -1 -0.62) (end 1 -0.62) (layer F.Fab) (width 0.1))
    (fp_line (start 1 -0.62) (end 1 0.62) (layer F.Fab) (width 0.1))
    (fp_line (start 1 0.62) (end -1 0.62) (layer F.Fab) (width 0.1))
    (fp_line (start -1 0.62) (end -1 -0.62) (layer F.Fab) (width 0.1))
    (fp_text user %R (at 0 -1.5 270) (layer F.Fab)
      (effects (font (size 1 1) (thickness 0.15)))
    )
    (pad 2 smd rect (at 1 0 270) (size 1 1.25) (layers F.Cu F.Paste F.Mask)
      (net 22 "Net-(C20-Pad2)"))
    (pad 1 smd rect (at -1 0 270) (size 1 1.25) (layers F.Cu F.Paste F.Mask)
      (net 14 "Net-(C14-Pad1)"))
    (model Capacitors_SMD.3dshapes/C_0805.wrl
      (at (xyz 0 0 0))
      (scale (xyz 1 1 1))
      (rotate (xyz 0 0 0))
    )
  )

  (module Capacitors_SMD:C_0805 (layer F.Cu) (tedit 58AA8463) (tstamp 5A7B5C7E)
    (at 144.403344 132.286643 225)
    (descr "Capacitor SMD 0805, reflow soldering, AVX (see smccp.pdf)")
    (tags "capacitor 0805")
    (path /5A4B9261)
    (attr smd)
    (fp_text reference C21 (at 0 -2.032 225) (layer F.SilkS)
      (effects (font (size 1 1) (thickness 0.15)))
    )
    (fp_text value 4.7pF (at 0 1.75 225) (layer F.Fab)
      (effects (font (size 1 1) (thickness 0.15)))
    )
    (fp_text user %R (at 0 -1.5 225) (layer F.Fab)
      (effects (font (size 1 1) (thickness 0.15)))
    )
    (fp_line (start -1 0.62) (end -1 -0.62) (layer F.Fab) (width 0.1))
    (fp_line (start 1 0.62) (end -1 0.62) (layer F.Fab) (width 0.1))
    (fp_line (start 1 -0.62) (end 1 0.62) (layer F.Fab) (width 0.1))
    (fp_line (start -1 -0.62) (end 1 -0.62) (layer F.Fab) (width 0.1))
    (fp_line (start 0.5 -0.85) (end -0.5 -0.85) (layer F.SilkS) (width 0.12))
    (fp_line (start -0.5 0.85) (end 0.5 0.85) (layer F.SilkS) (width 0.12))
    (fp_line (start -1.75 -0.88) (end 1.75 -0.88) (layer F.CrtYd) (width 0.05))
    (fp_line (start -1.75 -0.88) (end -1.75 0.87) (layer F.CrtYd) (width 0.05))
    (fp_line (start 1.75 0.87) (end 1.75 -0.88) (layer F.CrtYd) (width 0.05))
    (fp_line (start 1.75 0.87) (end -1.75 0.87) (layer F.CrtYd) (width 0.05))
    (pad 1 smd rect (at -1 0 225) (size 1 1.25) (layers F.Cu F.Paste F.Mask)
      (net 15 "Net-(C15-Pad1)"))
    (pad 2 smd rect (at 1 0 225) (size 1 1.25) (layers F.Cu F.Paste F.Mask)
      (net 14 "Net-(C14-Pad1)"))
    (model Capacitors_SMD.3dshapes/C_0805.wrl
      (at (xyz 0 0 0))
      (scale (xyz 1 1 1))
      (rotate (xyz 0 0 0))
    )
  )

  (module Capacitors_SMD:C_0805 (layer F.Cu) (tedit 58AA8463) (tstamp 5A7B5C4E)
    (at 152.226554 130.023604 180)
    (descr "Capacitor SMD 0805, reflow soldering, AVX (see smccp.pdf)")
    (tags "capacitor 0805")
    (path /5A4B94BC)
    (attr smd)
    (fp_text reference C22 (at 0 -2.032 180) (layer F.SilkS)
      (effects (font (size 1 1) (thickness 0.15)))
    )
    (fp_text value 4.7pF (at 0 1.75 180) (layer F.Fab)
      (effects (font (size 1 1) (thickness 0.15)))
    )
    (fp_text user %R (at 0 -1.5 180) (layer F.Fab)
      (effects (font (size 1 1) (thickness 0.15)))
    )
    (fp_line (start -1 0.62) (end -1 -0.62) (layer F.Fab) (width 0.1))
    (fp_line (start 1 0.62) (end -1 0.62) (layer F.Fab) (width 0.1))
    (fp_line (start 1 -0.62) (end 1 0.62) (layer F.Fab) (width 0.1))
    (fp_line (start -1 -0.62) (end 1 -0.62) (layer F.Fab) (width 0.1))
    (fp_line (start 0.5 -0.85) (end -0.5 -0.85) (layer F.SilkS) (width 0.12))
    (fp_line (start -0.5 0.85) (end 0.5 0.85) (layer F.SilkS) (width 0.12))
    (fp_line (start -1.75 -0.88) (end 1.75 -0.88) (layer F.CrtYd) (width 0.05))
    (fp_line (start -1.75 -0.88) (end -1.75 0.87) (layer F.CrtYd) (width 0.05))
    (fp_line (start 1.75 0.87) (end 1.75 -0.88) (layer F.CrtYd) (width 0.05))
    (fp_line (start 1.75 0.87) (end -1.75 0.87) (layer F.CrtYd) (width 0.05))
    (pad 1 smd rect (at -1 0 180) (size 1 1.25) (layers F.Cu F.Paste F.Mask)
      (net 16 "Net-(C16-Pad1)"))
    (pad 2 smd rect (at 1 0 180) (size 1 1.25) (layers F.Cu F.Paste F.Mask)
      (net 15 "Net-(C15-Pad1)"))
    (model Capacitors_SMD.3dshapes/C_0805.wrl
      (at (xyz 0 0 0))
      (scale (xyz 1 1 1))
      (rotate (xyz 0 0 0))
    )
  )

  (module Capacitors_SMD:C_0805 (layer F.Cu) (tedit 58AA8463) (tstamp 5A7B5C1E)
    (at 159.954786 122.580004 270)
    (descr "Capacitor SMD 0805, reflow soldering, AVX (see smccp.pdf)")
    (tags "capacitor 0805")
    (path /5A4B9763)
    (attr smd)
    (fp_text reference C23 (at 0 -1.778 270) (layer F.SilkS)
      (effects (font (size 1 1) (thickness 0.15)))
    )
    (fp_text value 10pF (at 0 1.75 270) (layer F.Fab)
      (effects (font (size 1 1) (thickness 0.15)))
    )
    (fp_line (start 1.75 0.87) (end -1.75 0.87) (layer F.CrtYd) (width 0.05))
    (fp_line (start 1.75 0.87) (end 1.75 -0.88) (layer F.CrtYd) (width 0.05))
    (fp_line (start -1.75 -0.88) (end -1.75 0.87) (layer F.CrtYd) (width 0.05))
    (fp_line (start -1.75 -0.88) (end 1.75 -0.88) (layer F.CrtYd) (width 0.05))
    (fp_line (start -0.5 0.85) (end 0.5 0.85) (layer F.SilkS) (width 0.12))
    (fp_line (start 0.5 -0.85) (end -0.5 -0.85) (layer F.SilkS) (width 0.12))
    (fp_line (start -1 -0.62) (end 1 -0.62) (layer F.Fab) (width 0.1))
    (fp_line (start 1 -0.62) (end 1 0.62) (layer F.Fab) (width 0.1))
    (fp_line (start 1 0.62) (end -1 0.62) (layer F.Fab) (width 0.1))
    (fp_line (start -1 0.62) (end -1 -0.62) (layer F.Fab) (width 0.1))
    (fp_text user %R (at 0 -1.5 270) (layer F.Fab)
      (effects (font (size 1 1) (thickness 0.15)))
    )
    (pad 2 smd rect (at 1 0 270) (size 1 1.25) (layers F.Cu F.Paste F.Mask)
      (net 16 "Net-(C16-Pad1)"))
    (pad 1 smd rect (at -1 0 270) (size 1 1.25) (layers F.Cu F.Paste F.Mask)
      (net 23 "Net-(C23-Pad1)"))
    (model Capacitors_SMD.3dshapes/C_0805.wrl
      (at (xyz 0 0 0))
      (scale (xyz 1 1 1))
      (rotate (xyz 0 0 0))
    )
  )

  (module Capacitors_SMD:C_0805 (layer F.Cu) (tedit 58AA8463) (tstamp 5A7B5BEE)
    (at 151.378484 111.209831 135)
    (descr "Capacitor SMD 0805, reflow soldering, AVX (see smccp.pdf)")
    (tags "capacitor 0805")
    (path /5AD555EB)
    (attr smd)
    (fp_text reference C24 (at -0.127 -1.651 135) (layer F.SilkS)
      (effects (font (size 1 1) (thickness 0.15)))
    )
    (fp_text value 27pF (at 0 1.75 135) (layer F.Fab)
      (effects (font (size 1 1) (thickness 0.15)))
    )
    (fp_text user %R (at 0 -1.5 135) (layer F.Fab)
      (effects (font (size 1 1) (thickness 0.15)))
    )
    (fp_line (start -1 0.62) (end -1 -0.62) (layer F.Fab) (width 0.1))
